Time	Throughput1	Throughput2	Ratio
100	0.53247999999999995	0.46592	1.1428571428571428
100.5	0.54912000000000005	0.44928000000000001	1.2222222222222223
101	0.54912000000000005	0.46592	1.1785714285714286
101.5	0.53247999999999995	0.44928000000000001	1.1851851851851851
102	0.54912000000000005	0.44928000000000001	1.2222222222222223
102.5	0.54912000000000005	0.46592	1.1785714285714286
103	0.54912000000000005	0.44928000000000001	1.2222222222222223
103.5	0.54912000000000005	0.44928000000000001	1.2222222222222223
104	0.54912000000000005	0.46592	1.1785714285714286
104.5	0.53247999999999995	0.44928000000000001	1.1851851851851851
105	0.54912000000000005	0.44928000000000001	1.2222222222222223
105.5	0.53247999999999995	0.46592	1.1428571428571428
106	0.56576000000000004	0.44928000000000001	1.2592592592592593
106.5	0.54912000000000005	0.44928000000000001	1.2222222222222223
107	0.53247999999999995	0.46592	1.1428571428571428
107.5	0.54912000000000005	0.44928000000000001	1.2222222222222223
108	0.53247999999999995	0.44928000000000001	1.1851851851851851
108.5	0.56576000000000004	0.46592	1.2142857142857144
109	0.54912000000000005	0.43264000000000002	1.2692307692307694
109.5	0.53247999999999995	0.46592	1.1428571428571428
110	0.54912000000000005	0.44928000000000001	1.2222222222222223
110.5	0.53247999999999995	0.44928000000000001	1.1851851851851851
111	0.54912000000000005	0.46592	1.1785714285714286
111.5	0.54912000000000005	0.44928000000000001	1.2222222222222223
112	0.54912000000000005	0.44928000000000001	1.2222222222222223
112.5	0.53247999999999995	0.46592	1.1428571428571428
113	0.56576000000000004	0.44928000000000001	1.2592592592592593
113.5	0.53247999999999995	0.46592	1.1428571428571428
114	0.54912000000000005	0.44928000000000001	1.2222222222222223
114.5	0.54912000000000005	0.44928000000000001	1.2222222222222223
115	0.53247999999999995	0.44928000000000001	1.1851851851851851
115.5	0.54912000000000005	0.46592	1.1785714285714286
116	0.54912000000000005	0.44928000000000001	1.2222222222222223
116.5	0.54912000000000005	0.46592	1.1785714285714286
117	0.54912000000000005	0.43264000000000002	1.2692307692307694
117.5	0.53247999999999995	0.46592	1.1428571428571428
118	0.54912000000000005	0.46592	1.1785714285714286
118.5	0.56576000000000004	0.44928000000000001	1.2592592592592593
119	0.53247999999999995	0.46592	1.1428571428571428
119.5	0.54912000000000005	0.43264000000000002	1.2692307692307694
120	0.54912000000000005	0.44928000000000001	1.2222222222222223
120.5	0.53247999999999995	0.46592	1.1428571428571428
121	0.54912000000000005	0.44928000000000001	1.2222222222222223
121.5	0.54912000000000005	0.46592	1.1785714285714286
122	0.53247999999999995	0.44928000000000001	1.1851851851851851
122.5	0.54912000000000005	0.44928000000000001	1.2222222222222223
123	0.54912000000000005	0.46592	1.1785714285714286
123.5	0.54912000000000005	0.44928000000000001	1.2222222222222223
124	0.54912000000000005	0.44928000000000001	1.2222222222222223
124.5	0.54912000000000005	0.46592	1.1785714285714286
125	0.53247999999999995	0.44928000000000001	1.1851851851851851
125.5	0.54912000000000005	0.44928000000000001	1.2222222222222223
126	0.53247999999999995	0.46592	1.1428571428571428
126.5	0.56576000000000004	0.44928000000000001	1.2592592592592593
127	0.54912000000000005	0.44928000000000001	1.2222222222222223
127.5	0.53247999999999995	0.46592	1.1428571428571428
128	0.54912000000000005	0.44928000000000001	1.2222222222222223
128.5	0.53247999999999995	0.44928000000000001	1.1851851851851851
129	0.56576000000000004	0.46592	1.2142857142857144
129.5	0.54912000000000005	0.43264000000000002	1.2692307692307694
130	0.53247999999999995	0.46592	1.1428571428571428
130.5	0.54912000000000005	0.44928000000000001	1.2222222222222223
131	0.53247999999999995	0.44928000000000001	1.1851851851851851
131.5	0.54912000000000005	0.46592	1.1785714285714286
132	0.54912000000000005	0.44928000000000001	1.2222222222222223
132.5	0.54912000000000005	0.44928000000000001	1.2222222222222223
133	0.53247999999999995	0.46592	1.1428571428571428
133.5	0.54912000000000005	0.44928000000000001	1.2222222222222223
134	0.54912000000000005	0.46592	1.1785714285714286
134.5	0.54912000000000005	0.44928000000000001	1.2222222222222223
135	0.54912000000000005	0.44928000000000001	1.2222222222222223
135.5	0.53247999999999995	0.44928000000000001	1.1851851851851851
136	0.54912000000000005	0.46592	1.1785714285714286
136.5	0.54912000000000005	0.44928000000000001	1.2222222222222223
137	0.54912000000000005	0.46592	1.1785714285714286
137.5	0.54912000000000005	0.43264000000000002	1.2692307692307694
138	0.53247999999999995	0.46592	1.1428571428571428
138.5	0.54912000000000005	0.46592	1.1785714285714286
139	0.56576000000000004	0.44928000000000001	1.2592592592592593
139.5	0.53247999999999995	0.46592	1.1428571428571428
140	0.54912000000000005	0.43264000000000002	1.2692307692307694
140.5	0.54912000000000005	0.44928000000000001	1.2222222222222223
141	0.53247999999999995	0.46592	1.1428571428571428
141.5	0.54912000000000005	0.44928000000000001	1.2222222222222223
142	0.54912000000000005	0.46592	1.1785714285714286
142.5	0.53247999999999995	0.44928000000000001	1.1851851851851851
143	0.54912000000000005	0.44928000000000001	1.2222222222222223
143.5	0.54912000000000005	0.46592	1.1785714285714286
144	0.53247999999999995	0.44928000000000001	1.1851851851851851
144.5	0.56576000000000004	0.44928000000000001	1.2592592592592593
145	0.54912000000000005	0.46592	1.1785714285714286
145.5	0.53247999999999995	0.44928000000000001	1.1851851851851851
146	0.54912000000000005	0.44928000000000001	1.2222222222222223
146.5	0.53247999999999995	0.46592	1.1428571428571428
147	0.56576000000000004	0.44928000000000001	1.2592592592592593
147.5	0.54912000000000005	0.44928000000000001	1.2222222222222223
148	0.53247999999999995	0.44928000000000001	1.1851851851851851
148.5	0.54912000000000005	0.46592	1.1785714285714286
149	0.53247999999999995	0.44928000000000001	1.1851851851851851
149.5	0.56576000000000004	0.46592	1.2142857142857144
150	0.54912000000000005	0.43264000000000002	1.2692307692307694
150.5	0.53247999999999995	0.46592	1.1428571428571428
151	0.54912000000000005	0.44928000000000001	1.2222222222222223
151.5	0.53247999999999995	0.44928000000000001	1.1851851851851851
152	0.54912000000000005	0.46592	1.1785714285714286
152.5	0.54912000000000005	0.44928000000000001	1.2222222222222223
153	0.54912000000000005	0.44928000000000001	1.2222222222222223
153.5	0.53247999999999995	0.46592	1.1428571428571428
154	0.54912000000000005	0.44928000000000001	1.2222222222222223
154.5	0.53247999999999995	0.46592	1.1428571428571428
155	0.56576000000000004	0.44928000000000001	1.2592592592592593
155.5	0.54912000000000005	0.44928000000000001	1.2222222222222223
156	0.53247999999999995	0.44928000000000001	1.1851851851851851
156.5	0.54912000000000005	0.46592	1.1785714285714286
157	0.54912000000000005	0.44928000000000001	1.2222222222222223
157.5	0.54912000000000005	0.46592	1.1785714285714286
158	0.54912000000000005	0.43264000000000002	1.2692307692307694
158.5	0.53247999999999995	0.44928000000000001	1.1851851851851851
159	0.54912000000000005	0.48255999999999999	1.1379310344827587
159.5	0.54912000000000005	0.44928000000000001	1.2222222222222223
160	0.54912000000000005	0.46592	1.1785714285714286
160.5	0.54912000000000005	0.43264000000000002	1.2692307692307694
161	0.54912000000000005	0.44928000000000001	1.2222222222222223
161.5	0.53247999999999995	0.46592	1.1428571428571428
162	0.54912000000000005	0.44928000000000001	1.2222222222222223
162.5	0.54912000000000005	0.46592	1.1785714285714286
163	0.53247999999999995	0.44928000000000001	1.1851851851851851
163.5	0.54912000000000005	0.44928000000000001	1.2222222222222223
164	0.54912000000000005	0.46592	1.1785714285714286
164.5	0.53247999999999995	0.44928000000000001	1.1851851851851851
165	0.56576000000000004	0.44928000000000001	1.2592592592592593
165.5	0.54912000000000005	0.46592	1.1785714285714286
166	0.53247999999999995	0.44928000000000001	1.1851851851851851
166.5	0.54912000000000005	0.44928000000000001	1.2222222222222223
167	0.53247999999999995	0.46592	1.1428571428571428
167.5	0.56576000000000004	0.44928000000000001	1.2592592592592593
168	0.54912000000000005	0.44928000000000001	1.2222222222222223
168.5	0.53247999999999995	0.44928000000000001	1.1851851851851851
169	0.54912000000000005	0.44928000000000001	1.2222222222222223
169.5	0.53247999999999995	0.46592	1.1428571428571428
170	0.54912000000000005	0.46592	1.1785714285714286
170.5	0.56576000000000004	0.43264000000000002	1.3076923076923077
171	0.53247999999999995	0.46592	1.1428571428571428
171.5	0.54912000000000005	0.44928000000000001	1.2222222222222223
172	0.53247999999999995	0.44928000000000001	1.1851851851851851
172.5	0.54912000000000005	0.46592	1.1785714285714286
173	0.54912000000000005	0.44928000000000001	1.2222222222222223
173.5	0.54912000000000005	0.44928000000000001	1.2222222222222223
174	0.53247999999999995	0.46592	1.1428571428571428
174.5	0.54912000000000005	0.44928000000000001	1.2222222222222223
175	0.53247999999999995	0.46592	1.1428571428571428
175.5	0.56576000000000004	0.44928000000000001	1.2592592592592593
176	0.54912000000000005	0.44928000000000001	1.2222222222222223
176.5	0.53247999999999995	0.44928000000000001	1.1851851851851851
177	0.54912000000000005	0.46592	1.1785714285714286
177.5	0.54912000000000005	0.44928000000000001	1.2222222222222223
178	0.54912000000000005	0.46592	1.1785714285714286
178.5	0.54912000000000005	0.43264000000000002	1.2692307692307694
179	0.53247999999999995	0.44928000000000001	1.1851851851851851
179.5	0.54912000000000005	0.48255999999999999	1.1379310344827587
180	0.54912000000000005	0.44928000000000001	1.2222222222222223
180.5	0.53247999999999995	0.46592	1.1428571428571428
181	0.56576000000000004	0.43264000000000002	1.3076923076923077
181.5	0.54912000000000005	0.44928000000000001	1.2222222222222223
182	0.53247999999999995	0.46592	1.1428571428571428
182.5	0.54912000000000005	0.44928000000000001	1.2222222222222223
183	0.54912000000000005	0.46592	1.1785714285714286
183.5	0.53247999999999995	0.44928000000000001	1.1851851851851851
184	0.54912000000000005	0.44928000000000001	1.2222222222222223
184.5	0.54912000000000005	0.44928000000000001	1.2222222222222223
185	0.53247999999999995	0.46592	1.1428571428571428
185.5	0.56576000000000004	0.44928000000000001	1.2592592592592593
186	0.54912000000000005	0.46592	1.1785714285714286
186.5	0.53247999999999995	0.44928000000000001	1.1851851851851851
187	0.54912000000000005	0.44928000000000001	1.2222222222222223
187.5	0.53247999999999995	0.46592	1.1428571428571428
188	0.56576000000000004	0.44928000000000001	1.2592592592592593
188.5	0.54912000000000005	0.44928000000000001	1.2222222222222223
189	0.53247999999999995	0.44928000000000001	1.1851851851851851
189.5	0.54912000000000005	0.44928000000000001	1.2222222222222223
190	0.53247999999999995	0.46592	1.1428571428571428
190.5	0.54912000000000005	0.46592	1.1785714285714286
191	0.56576000000000004	0.43264000000000002	1.3076923076923077
191.5	0.53247999999999995	0.46592	1.1428571428571428
192	0.54912000000000005	0.44928000000000001	1.2222222222222223
192.5	0.53247999999999995	0.44928000000000001	1.1851851851851851
193	0.54912000000000005	0.46592	1.1785714285714286
193.5	0.54912000000000005	0.44928000000000001	1.2222222222222223
194	0.54912000000000005	0.44928000000000001	1.2222222222222223
194.5	0.53247999999999995	0.46592	1.1428571428571428
195	0.54912000000000005	0.44928000000000001	1.2222222222222223
195.5	0.53247999999999995	0.46592	1.1428571428571428
196	0.56576000000000004	0.44928000000000001	1.2592592592592593
196.5	0.54912000000000005	0.44928000000000001	1.2222222222222223
197	0.53247999999999995	0.44928000000000001	1.1851851851851851
197.5	0.54912000000000005	0.46592	1.1785714285714286
198	0.54912000000000005	0.44928000000000001	1.2222222222222223
198.5	0.54912000000000005	0.46592	1.1785714285714286
199	0.54912000000000005	0.43264000000000002	1.2692307692307694
199.5	0.53247999999999995	0.44928000000000001	1.1851851851851851
200	0.54912000000000005	0.46592	1.1785714285714286
200.5	0.54912000000000005	0.46592	1.1785714285714286
201	0.53247999999999995	0.46592	1.1428571428571428
201.5	0.56576000000000004	0.43264000000000002	1.3076923076923077
202	0.54912000000000005	0.44928000000000001	1.2222222222222223
202.5	0.53247999999999995	0.46592	1.1428571428571428
203	0.54912000000000005	0.44928000000000001	1.2222222222222223
203.5	0.54912000000000005	0.46592	1.1785714285714286
204	0.53247999999999995	0.44928000000000001	1.1851851851851851
204.5	0.54912000000000005	0.44928000000000001	1.2222222222222223
205	0.54912000000000005	0.44928000000000001	1.2222222222222223
205.5	0.53247999999999995	0.46592	1.1428571428571428
206	0.56576000000000004	0.44928000000000001	1.2592592592592593
206.5	0.53247999999999995	0.46592	1.1428571428571428
207	0.54912000000000005	0.44928000000000001	1.2222222222222223
207.5	0.54912000000000005	0.44928000000000001	1.2222222222222223
208	0.53247999999999995	0.46592	1.1428571428571428
208.5	0.56576000000000004	0.44928000000000001	1.2592592592592593
209	0.54912000000000005	0.44928000000000001	1.2222222222222223
209.5	0.53247999999999995	0.44928000000000001	1.1851851851851851
210	0.54912000000000005	0.44928000000000001	1.2222222222222223
210.5	0.53247999999999995	0.46592	1.1428571428571428
211	0.54912000000000005	0.46592	1.1785714285714286
211.5	0.54912000000000005	0.43264000000000002	1.2692307692307694
212	0.54912000000000005	0.46592	1.1785714285714286
212.5	0.54912000000000005	0.44928000000000001	1.2222222222222223
213	0.53247999999999995	0.44928000000000001	1.1851851851851851
213.5	0.54912000000000005	0.46592	1.1785714285714286
214	0.54912000000000005	0.44928000000000001	1.2222222222222223
214.5	0.54912000000000005	0.44928000000000001	1.2222222222222223
215	0.53247999999999995	0.46592	1.1428571428571428
215.5	0.54912000000000005	0.44928000000000001	1.2222222222222223
216	0.53247999999999995	0.46592	1.1428571428571428
216.5	0.56576000000000004	0.44928000000000001	1.2592592592592593
217	0.54912000000000005	0.44928000000000001	1.2222222222222223
217.5	0.53247999999999995	0.44928000000000001	1.1851851851851851
218	0.54912000000000005	0.46592	1.1785714285714286
218.5	0.54912000000000005	0.44928000000000001	1.2222222222222223
219	0.54912000000000005	0.46592	1.1785714285714286
219.5	0.54912000000000005	0.43264000000000002	1.2692307692307694
220	0.53247999999999995	0.44928000000000001	1.1851851851851851
220.5	0.54912000000000005	0.46592	1.1785714285714286
221	0.54912000000000005	0.44928000000000001	1.2222222222222223
221.5	0.53247999999999995	0.48255999999999999	1.103448275862069
222	0.54912000000000005	0.43264000000000002	1.2692307692307694
222.5	0.56576000000000004	0.44928000000000001	1.2592592592592593
223	0.53247999999999995	0.46592	1.1428571428571428
223.5	0.54912000000000005	0.44928000000000001	1.2222222222222223
224	0.54912000000000005	0.46592	1.1785714285714286
224.5	0.53247999999999995	0.44928000000000001	1.1851851851851851
225	0.54912000000000005	0.44928000000000001	1.2222222222222223
225.5	0.54912000000000005	0.44928000000000001	1.2222222222222223
226	0.53247999999999995	0.46592	1.1428571428571428
226.5	0.56576000000000004	0.44928000000000001	1.2592592592592593
227	0.53247999999999995	0.46592	1.1428571428571428
227.5	0.54912000000000005	0.44928000000000001	1.2222222222222223
228	0.54912000000000005	0.44928000000000001	1.2222222222222223
228.5	0.53247999999999995	0.46592	1.1428571428571428
229	0.56576000000000004	0.44928000000000001	1.2592592592592593
229.5	0.54912000000000005	0.44928000000000001	1.2222222222222223
230	0.53247999999999995	0.44928000000000001	1.1851851851851851
230.5	0.54912000000000005	0.44928000000000001	1.2222222222222223
231	0.53247999999999995	0.46592	1.1428571428571428
231.5	0.54912000000000005	0.46592	1.1785714285714286
232	0.54912000000000005	0.43264000000000002	1.2692307692307694
232.5	0.54912000000000005	0.46592	1.1785714285714286
233	0.54912000000000005	0.44928000000000001	1.2222222222222223
233.5	0.53247999999999995	0.44928000000000001	1.1851851851851851
234	0.54912000000000005	0.46592	1.1785714285714286
234.5	0.54912000000000005	0.44928000000000001	1.2222222222222223
235	0.54912000000000005	0.44928000000000001	1.2222222222222223
235.5	0.53247999999999995	0.46592	1.1428571428571428
236	0.54912000000000005	0.44928000000000001	1.2222222222222223
236.5	0.53247999999999995	0.44928000000000001	1.1851851851851851
237	0.56576000000000004	0.46592	1.2142857142857144
237.5	0.54912000000000005	0.44928000000000001	1.2222222222222223
238	0.53247999999999995	0.44928000000000001	1.1851851851851851
238.5	0.54912000000000005	0.46592	1.1785714285714286
239	0.54912000000000005	0.44928000000000001	1.2222222222222223
239.5	0.54912000000000005	0.46592	1.1785714285714286
240	0.54912000000000005	0.43264000000000002	1.2692307692307694
240.5	0.53247999999999995	0.44928000000000001	1.1851851851851851
241	0.54912000000000005	0.46592	1.1785714285714286
241.5	0.54912000000000005	0.44928000000000001	1.2222222222222223
242	0.53247999999999995	0.48255999999999999	1.103448275862069
242.5	0.54912000000000005	0.43264000000000002	1.2692307692307694
243	0.56576000000000004	0.44928000000000001	1.2592592592592593
243.5	0.53247999999999995	0.46592	1.1428571428571428
244	0.54912000000000005	0.44928000000000001	1.2222222222222223
244.5	0.54912000000000005	0.46592	1.1785714285714286
245	0.53247999999999995	0.44928000000000001	1.1851851851851851
245.5	0.54912000000000005	0.44928000000000001	1.2222222222222223
246	0.54912000000000005	0.44928000000000001	1.2222222222222223
246.5	0.53247999999999995	0.46592	1.1428571428571428
247	0.56576000000000004	0.44928000000000001	1.2592592592592593
247.5	0.53247999999999995	0.46592	1.1428571428571428
248	0.54912000000000005	0.44928000000000001	1.2222222222222223
248.5	0.54912000000000005	0.44928000000000001	1.2222222222222223
249	0.53247999999999995	0.46592	1.1428571428571428
249.5	0.56576000000000004	0.44928000000000001	1.2592592592592593
250	0.54912000000000005	0.44928000000000001	1.2222222222222223
250.5	0.53247999999999995	0.44928000000000001	1.1851851851851851
251	0.54912000000000005	0.44928000000000001	1.2222222222222223
251.5	0.53247999999999995	0.46592	1.1428571428571428
252	0.54912000000000005	0.44928000000000001	1.2222222222222223
252.5	0.54912000000000005	0.44928000000000001	1.2222222222222223
253	0.54912000000000005	0.46592	1.1785714285714286
253.5	0.54912000000000005	0.44928000000000001	1.2222222222222223
254	0.53247999999999995	0.44928000000000001	1.1851851851851851
254.5	0.54912000000000005	0.46592	1.1785714285714286
255	0.54912000000000005	0.44928000000000001	1.2222222222222223
255.5	0.54912000000000005	0.44928000000000001	1.2222222222222223
256	0.53247999999999995	0.46592	1.1428571428571428
256.5	0.54912000000000005	0.44928000000000001	1.2222222222222223
257	0.53247999999999995	0.44928000000000001	1.1851851851851851
257.5	0.56576000000000004	0.46592	1.2142857142857144
258	0.54912000000000005	0.44928000000000001	1.2222222222222223
258.5	0.53247999999999995	0.44928000000000001	1.1851851851851851
259	0.54912000000000005	0.46592	1.1785714285714286
259.5	0.54912000000000005	0.44928000000000001	1.2222222222222223
260	0.54912000000000005	0.46592	1.1785714285714286
260.5	0.54912000000000005	0.43264000000000002	1.2692307692307694
261	0.53247999999999995	0.44928000000000001	1.1851851851851851
261.5	0.54912000000000005	0.46592	1.1785714285714286
262	0.54912000000000005	0.44928000000000001	1.2222222222222223
262.5	0.53247999999999995	0.46592	1.1428571428571428
263	0.54912000000000005	0.44928000000000001	1.2222222222222223
263.5	0.54912000000000005	0.44928000000000001	1.2222222222222223
264	0.54912000000000005	0.46592	1.1785714285714286
264.5	0.54912000000000005	0.44928000000000001	1.2222222222222223
265	0.54912000000000005	0.46592	1.1785714285714286
265.5	0.53247999999999995	0.44928000000000001	1.1851851851851851
266	0.54912000000000005	0.44928000000000001	1.2222222222222223
266.5	0.54912000000000005	0.44928000000000001	1.2222222222222223
267	0.53247999999999995	0.46592	1.1428571428571428
267.5	0.56576000000000004	0.44928000000000001	1.2592592592592593
268	0.53247999999999995	0.46592	1.1428571428571428
268.5	0.54912000000000005	0.44928000000000001	1.2222222222222223
269	0.54912000000000005	0.44928000000000001	1.2222222222222223
269.5	0.53247999999999995	0.46592	1.1428571428571428
270	0.56576000000000004	0.44928000000000001	1.2592592592592593
270.5	0.54912000000000005	0.44928000000000001	1.2222222222222223
271	0.53247999999999995	0.44928000000000001	1.1851851851851851
271.5	0.54912000000000005	0.44928000000000001	1.2222222222222223
272	0.53247999999999995	0.46592	1.1428571428571428
272.5	0.54912000000000005	0.44928000000000001	1.2222222222222223
273	0.54912000000000005	0.44928000000000001	1.2222222222222223
273.5	0.54912000000000005	0.46592	1.1785714285714286
274	0.53247999999999995	0.44928000000000001	1.1851851851851851
274.5	0.54912000000000005	0.44928000000000001	1.2222222222222223
275	0.54912000000000005	0.46592	1.1785714285714286
275.5	0.54912000000000005	0.44928000000000001	1.2222222222222223
276	0.54912000000000005	0.44928000000000001	1.2222222222222223
276.5	0.53247999999999995	0.46592	1.1428571428571428
277	0.54912000000000005	0.44928000000000001	1.2222222222222223
277.5	0.53247999999999995	0.44928000000000001	1.1851851851851851
278	0.56576000000000004	0.46592	1.2142857142857144
278.5	0.54912000000000005	0.44928000000000001	1.2222222222222223
279	0.53247999999999995	0.44928000000000001	1.1851851851851851
279.5	0.54912000000000005	0.46592	1.1785714285714286
280	0.54912000000000005	0.44928000000000001	1.2222222222222223
280.5	0.54912000000000005	0.46592	1.1785714285714286
281	0.54912000000000005	0.43264000000000002	1.2692307692307694
281.5	0.53247999999999995	0.44928000000000001	1.1851851851851851
282	0.54912000000000005	0.46592	1.1785714285714286
282.5	0.54912000000000005	0.44928000000000001	1.2222222222222223
283	0.53247999999999995	0.46592	1.1428571428571428
283.5	0.54912000000000005	0.44928000000000001	1.2222222222222223
284	0.54912000000000005	0.44928000000000001	1.2222222222222223
284.5	0.53247999999999995	0.46592	1.1428571428571428
285	0.56576000000000004	0.44928000000000001	1.2592592592592593
285.5	0.54912000000000005	0.46592	1.1785714285714286
286	0.53247999999999995	0.44928000000000001	1.1851851851851851
286.5	0.54912000000000005	0.44928000000000001	1.2222222222222223
287	0.54912000000000005	0.44928000000000001	1.2222222222222223
287.5	0.53247999999999995	0.46592	1.1428571428571428
288	0.56576000000000004	0.44928000000000001	1.2592592592592593
288.5	0.53247999999999995	0.46592	1.1428571428571428
289	0.54912000000000005	0.44928000000000001	1.2222222222222223
289.5	0.54912000000000005	0.44928000000000001	1.2222222222222223
290	0.53247999999999995	0.46592	1.1428571428571428
290.5	0.56576000000000004	0.44928000000000001	1.2592592592592593
291	0.54912000000000005	0.44928000000000001	1.2222222222222223
291.5	0.53247999999999995	0.44928000000000001	1.1851851851851851
292	0.54912000000000005	0.44928000000000001	1.2222222222222223
292.5	0.53247999999999995	0.46592	1.1428571428571428
293	0.54912000000000005	0.44928000000000001	1.2222222222222223
293.5	0.54912000000000005	0.44928000000000001	1.2222222222222223
294	0.54912000000000005	0.46592	1.1785714285714286
294.5	0.53247999999999995	0.44928000000000001	1.1851851851851851
295	0.54912000000000005	0.44928000000000001	1.2222222222222223
295.5	0.54912000000000005	0.46592	1.1785714285714286
296	0.54912000000000005	0.44928000000000001	1.2222222222222223
296.5	0.54912000000000005	0.44928000000000001	1.2222222222222223
297	0.53247999999999995	0.46592	1.1428571428571428
297.5	0.54912000000000005	0.44928000000000001	1.2222222222222223
298	0.53247999999999995	0.44928000000000001	1.1851851851851851
298.5	0.56576000000000004	0.46592	1.2142857142857144
299	0.54912000000000005	0.43264000000000002	1.2692307692307694
299.5	0.53247999999999995	0.46592	1.1428571428571428
300	0.54912000000000005	0.46592	1.1785714285714286
300.5	0.54912000000000005	0.44928000000000001	1.2222222222222223
301	0.54912000000000005	0.46592	1.1785714285714286
301.5	0.54912000000000005	0.43264000000000002	1.2692307692307694
302	0.53247999999999995	0.44928000000000001	1.1851851851851851
302.5	0.54912000000000005	0.46592	1.1785714285714286
303	0.54912000000000005	0.44928000000000001	1.2222222222222223
303.5	0.53247999999999995	0.46592	1.1428571428571428
304	0.54912000000000005	0.44928000000000001	1.2222222222222223
304.5	0.54912000000000005	0.44928000000000001	1.2222222222222223
305	0.53247999999999995	0.46592	1.1428571428571428
305.5	0.56576000000000004	0.44928000000000001	1.2592592592592593
306	0.54912000000000005	0.46592	1.1785714285714286
306.5	0.53247999999999995	0.44928000000000001	1.1851851851851851
307	0.54912000000000005	0.44928000000000001	1.2222222222222223
307.5	0.54912000000000005	0.44928000000000001	1.2222222222222223
308	0.53247999999999995	0.46592	1.1428571428571428
308.5	0.56576000000000004	0.44928000000000001	1.2592592592592593
309	0.53247999999999995	0.46592	1.1428571428571428
309.5	0.54912000000000005	0.44928000000000001	1.2222222222222223
310	0.54912000000000005	0.44928000000000001	1.2222222222222223
310.5	0.53247999999999995	0.46592	1.1428571428571428
311	0.56576000000000004	0.44928000000000001	1.2592592592592593
311.5	0.54912000000000005	0.44928000000000001	1.2222222222222223
312	0.53247999999999995	0.44928000000000001	1.1851851851851851
312.5	0.54912000000000005	0.44928000000000001	1.2222222222222223
313	0.53247999999999995	0.46592	1.1428571428571428
313.5	0.54912000000000005	0.44928000000000001	1.2222222222222223
314	0.54912000000000005	0.44928000000000001	1.2222222222222223
314.5	0.54912000000000005	0.46592	1.1785714285714286
315	0.53247999999999995	0.44928000000000001	1.1851851851851851
315.5	0.54912000000000005	0.44928000000000001	1.2222222222222223
316	0.54912000000000005	0.46592	1.1785714285714286
316.5	0.54912000000000005	0.44928000000000001	1.2222222222222223
317	0.54912000000000005	0.44928000000000001	1.2222222222222223
317.5	0.53247999999999995	0.46592	1.1428571428571428
318	0.54912000000000005	0.44928000000000001	1.2222222222222223
318.5	0.53247999999999995	0.44928000000000001	1.1851851851851851
319	0.56576000000000004	0.46592	1.2142857142857144
319.5	0.54912000000000005	0.43264000000000002	1.2692307692307694
320	0.53247999999999995	0.46592	1.1428571428571428
320.5	0.54912000000000005	0.46592	1.1785714285714286
321	0.54912000000000005	0.44928000000000001	1.2222222222222223
321.5	0.54912000000000005	0.46592	1.1785714285714286
322	0.54912000000000005	0.43264000000000002	1.2692307692307694
322.5	0.53247999999999995	0.44928000000000001	1.1851851851851851
323	0.54912000000000005	0.46592	1.1785714285714286
323.5	0.54912000000000005	0.44928000000000001	1.2222222222222223
324	0.53247999999999995	0.46592	1.1428571428571428
324.5	0.54912000000000005	0.44928000000000001	1.2222222222222223
325	0.54912000000000005	0.44928000000000001	1.2222222222222223
325.5	0.53247999999999995	0.46592	1.1428571428571428
326	0.54912000000000005	0.44928000000000001	1.2222222222222223
326.5	0.56576000000000004	0.46592	1.2142857142857144
327	0.53247999999999995	0.44928000000000001	1.1851851851851851
327.5	0.54912000000000005	0.44928000000000001	1.2222222222222223
328	0.54912000000000005	0.44928000000000001	1.2222222222222223
328.5	0.53247999999999995	0.46592	1.1428571428571428
329	0.56576000000000004	0.44928000000000001	1.2592592592592593
329.5	0.53247999999999995	0.46592	1.1428571428571428
330	0.54912000000000005	0.43264000000000002	1.2692307692307694
330.5	0.54912000000000005	0.46592	1.1785714285714286
331	0.53247999999999995	0.46592	1.1428571428571428
331.5	0.56576000000000004	0.44928000000000001	1.2592592592592593
332	0.54912000000000005	0.44928000000000001	1.2222222222222223
332.5	0.53247999999999995	0.44928000000000001	1.1851851851851851
333	0.54912000000000005	0.44928000000000001	1.2222222222222223
333.5	0.53247999999999995	0.46592	1.1428571428571428
334	0.54912000000000005	0.44928000000000001	1.2222222222222223
334.5	0.54912000000000005	0.44928000000000001	1.2222222222222223
335	0.54912000000000005	0.46592	1.1785714285714286
335.5	0.53247999999999995	0.44928000000000001	1.1851851851851851
336	0.54912000000000005	0.44928000000000001	1.2222222222222223
336.5	0.53247999999999995	0.46592	1.1428571428571428
337	0.56576000000000004	0.44928000000000001	1.2592592592592593
337.5	0.54912000000000005	0.44928000000000001	1.2222222222222223
338	0.53247999999999995	0.46592	1.1428571428571428
338.5	0.54912000000000005	0.44928000000000001	1.2222222222222223
339	0.53247999999999995	0.44928000000000001	1.1851851851851851
339.5	0.56576000000000004	0.46592	1.2142857142857144
340	0.54912000000000005	0.43264000000000002	1.2692307692307694
340.5	0.53247999999999995	0.46592	1.1428571428571428
341	0.54912000000000005	0.46592	1.1785714285714286
341.5	0.53247999999999995	0.44928000000000001	1.1851851851851851
342	0.56576000000000004	0.46592	1.2142857142857144
342.5	0.54912000000000005	0.43264000000000002	1.2692307692307694
343	0.53247999999999995	0.44928000000000001	1.1851851851851851
343.5	0.54912000000000005	0.46592	1.1785714285714286
344	0.54912000000000005	0.44928000000000001	1.2222222222222223
344.5	0.53247999999999995	0.46592	1.1428571428571428
345	0.54912000000000005	0.44928000000000001	1.2222222222222223
345.5	0.54912000000000005	0.44928000000000001	1.2222222222222223
346	0.53247999999999995	0.46592	1.1428571428571428
346.5	0.54912000000000005	0.44928000000000001	1.2222222222222223
347	0.56576000000000004	0.46592	1.2142857142857144
347.5	0.53247999999999995	0.44928000000000001	1.1851851851851851
348	0.54912000000000005	0.44928000000000001	1.2222222222222223
348.5	0.54912000000000005	0.44928000000000001	1.2222222222222223
349	0.53247999999999995	0.46592	1.1428571428571428
349.5	0.56576000000000004	0.44928000000000001	1.2592592592592593
350	0.53247999999999995	0.46592	1.1428571428571428
350.5	0.54912000000000005	0.43264000000000002	1.2692307692307694
351	0.54912000000000005	0.44928000000000001	1.2222222222222223
351.5	0.53247999999999995	0.48255999999999999	1.103448275862069
352	0.54912000000000005	0.44928000000000001	1.2222222222222223
352.5	0.56576000000000004	0.44928000000000001	1.2592592592592593
353	0.53247999999999995	0.44928000000000001	1.1851851851851851
353.5	0.54912000000000005	0.44928000000000001	1.2222222222222223
354	0.53247999999999995	0.46592	1.1428571428571428
354.5	0.54912000000000005	0.44928000000000001	1.2222222222222223
355	0.54912000000000005	0.44928000000000001	1.2222222222222223
355.5	0.54912000000000005	0.46592	1.1785714285714286
356	0.53247999999999995	0.44928000000000001	1.1851851851851851
356.5	0.54912000000000005	0.44928000000000001	1.2222222222222223
357	0.53247999999999995	0.46592	1.1428571428571428
357.5	0.56576000000000004	0.44928000000000001	1.2592592592592593
358	0.54912000000000005	0.44928000000000001	1.2222222222222223
358.5	0.53247999999999995	0.46592	1.1428571428571428
359	0.54912000000000005	0.44928000000000001	1.2222222222222223
359.5	0.53247999999999995	0.44928000000000001	1.1851851851851851
360	0.56576000000000004	0.46592	1.2142857142857144
360.5	0.54912000000000005	0.43264000000000002	1.2692307692307694
361	0.53247999999999995	0.46592	1.1428571428571428
361.5	0.54912000000000005	0.46592	1.1785714285714286
362	0.53247999999999995	0.44928000000000001	1.1851851851851851
362.5	0.54912000000000005	0.46592	1.1785714285714286
363	0.56576000000000004	0.43264000000000002	1.3076923076923077
363.5	0.53247999999999995	0.44928000000000001	1.1851851851851851
364	0.54912000000000005	0.46592	1.1785714285714286
364.5	0.54912000000000005	0.44928000000000001	1.2222222222222223
365	0.53247999999999995	0.46592	1.1428571428571428
365.5	0.54912000000000005	0.44928000000000001	1.2222222222222223
366	0.54912000000000005	0.44928000000000001	1.2222222222222223
366.5	0.53247999999999995	0.44928000000000001	1.1851851851851851
367	0.54912000000000005	0.46592	1.1785714285714286
367.5	0.54912000000000005	0.46592	1.1785714285714286
368	0.54912000000000005	0.44928000000000001	1.2222222222222223
368.5	0.54912000000000005	0.44928000000000001	1.2222222222222223
369	0.54912000000000005	0.44928000000000001	1.2222222222222223
369.5	0.53247999999999995	0.46592	1.1428571428571428
370	0.56576000000000004	0.44928000000000001	1.2592592592592593
370.5	0.53247999999999995	0.46592	1.1428571428571428
371	0.54912000000000005	0.43264000000000002	1.2692307692307694
371.5	0.54912000000000005	0.44928000000000001	1.2222222222222223
372	0.53247999999999995	0.48255999999999999	1.103448275862069
372.5	0.54912000000000005	0.44928000000000001	1.2222222222222223
373	0.56576000000000004	0.44928000000000001	1.2592592592592593
373.5	0.53247999999999995	0.44928000000000001	1.1851851851851851
374	0.54912000000000005	0.44928000000000001	1.2222222222222223
374.5	0.53247999999999995	0.46592	1.1428571428571428
375	0.54912000000000005	0.44928000000000001	1.2222222222222223
375.5	0.54912000000000005	0.44928000000000001	1.2222222222222223
376	0.54912000000000005	0.46592	1.1785714285714286
376.5	0.53247999999999995	0.44928000000000001	1.1851851851851851
377	0.54912000000000005	0.44928000000000001	1.2222222222222223
377.5	0.53247999999999995	0.46592	1.1428571428571428
378	0.56576000000000004	0.44928000000000001	1.2592592592592593
378.5	0.54912000000000005	0.44928000000000001	1.2222222222222223
379	0.53247999999999995	0.46592	1.1428571428571428
379.5	0.54912000000000005	0.44928000000000001	1.2222222222222223
380	0.53247999999999995	0.44928000000000001	1.1851851851851851
380.5	0.56576000000000004	0.46592	1.2142857142857144
381	0.54912000000000005	0.43264000000000002	1.2692307692307694
381.5	0.53247999999999995	0.46592	1.1428571428571428
382	0.54912000000000005	0.44928000000000001	1.2222222222222223
382.5	0.53247999999999995	0.46592	1.1428571428571428
383	0.54912000000000005	0.46592	1.1785714285714286
383.5	0.56576000000000004	0.43264000000000002	1.3076923076923077
384	0.53247999999999995	0.44928000000000001	1.1851851851851851
384.5	0.54912000000000005	0.46592	1.1785714285714286
385	0.54912000000000005	0.44928000000000001	1.2222222222222223
385.5	0.53247999999999995	0.46592	1.1428571428571428
386	0.54912000000000005	0.44928000000000001	1.2222222222222223
386.5	0.54912000000000005	0.44928000000000001	1.2222222222222223
387	0.53247999999999995	0.44928000000000001	1.1851851851851851
387.5	0.54912000000000005	0.46592	1.1785714285714286
388	0.54912000000000005	0.46592	1.1785714285714286
388.5	0.54912000000000005	0.44928000000000001	1.2222222222222223
389	0.54912000000000005	0.44928000000000001	1.2222222222222223
389.5	0.54912000000000005	0.44928000000000001	1.2222222222222223
390	0.53247999999999995	0.46592	1.1428571428571428
390.5	0.56576000000000004	0.44928000000000001	1.2592592592592593
391	0.53247999999999995	0.46592	1.1428571428571428
391.5	0.54912000000000005	0.43264000000000002	1.2692307692307694
392	0.54912000000000005	0.44928000000000001	1.2222222222222223
392.5	0.53247999999999995	0.46592	1.1428571428571428
393	0.54912000000000005	0.46592	1.1785714285714286
393.5	0.54912000000000005	0.44928000000000001	1.2222222222222223
394	0.54912000000000005	0.44928000000000001	1.2222222222222223
394.5	0.54912000000000005	0.44928000000000001	1.2222222222222223
395	0.53247999999999995	0.46592	1.1428571428571428
395.5	0.54912000000000005	0.44928000000000001	1.2222222222222223
396	0.54912000000000005	0.44928000000000001	1.2222222222222223
396.5	0.54912000000000005	0.46592	1.1785714285714286
397	0.53247999999999995	0.44928000000000001	1.1851851851851851
397.5	0.54912000000000005	0.44928000000000001	1.2222222222222223
398	0.53247999999999995	0.46592	1.1428571428571428
398.5	0.56576000000000004	0.44928000000000001	1.2592592592592593
399	0.54912000000000005	0.44928000000000001	1.2222222222222223
399.5	0.53247999999999995	0.46592	1.1428571428571428
